

02 00 00 00 05 52 30 30 30 31 03    建立通信连接 
02 00 00 00 08 41   30 30 30 31    41 43 4B   03  

02 00 00 00 05 52 30 30 30 32 03    断开连接 
02 00 00 00 10 41   30 31 30 39   45 52 52 4F 52 3D 30 30 30 35 30 30 03


 02 00 00 00 05 52 30 32 30 31 03   运行状态
 02 00 00 00 08 41   30 32 30 31    41  43 4B 03 
 02 00 00 00 00 54   30 32 30 31    30 30 31 3D    30 2C 30 2C 30 2C 30 3B       30 30 32 3D 31 2C 33 3B 03
 02 00 00 00 08 41 30 32 30 31 41 43 4B 03 
 02 00 00 00 00 54   30 32 30 31    30 30 31 3D    31 2C 30 2C 30 2C 30 3B       30 30 32 3D 30 2C 30 3B 03
 
 
02 00 00 00 0A 57 30 33 30 31 30 31 3D 31 3B 03   电枪运行 F
02 00 00 00 0A 57 30 33 30 31 30 31 3D 32 3B 03   电枪运行 R

02 00 00 00 0A 57 30 31 30 33 30 31 3D 31 3B 03 Pset选择
02 00 00 00 08 41   30 31 30 33  41 43 4B 03


02 00 00 00 05 52 30 32 30 32 03                          拧紧结果数据读取

02 00 00 00 08 41    30 32 30 32  41 43 4B 03
02 00 00 00 00 54 30 32 30 32 30 30 30 31 30 3D 31 2E 32 38 39 2C 31 2E 32 38 39 2C 31 2E 32 38 39 3B 30 30 30 31 31 3D 32 3B 30 30 30 31 32 3D 30 3B 30 31 30 31 30 3D 30 2E 30 30 30 2C 30 2E 30 30 30 2C 30 2E 30 30 30 3B 30 31 30 31 31 3D 30 3B 30 31 30 32 30 3D 30 2E 30 30 30 2C 30 2E 30 30 30 2C 30 2E 30 30 30 3B 30 31 30 32 31 3D 30 3B 30 31 30 33 30 3D 30 2E 30 30 30 2C 30 2E 30 30 30 2C 30 2E 30 30 30 3B 30 31 30 33 31 3D 30 3B 30 31 30 34 30 3D 30 2E 30 30 30 2C 30 2E 30 30 30 2C 30 2E 30 30 30 3B 30 31 30 34 31 3D 30 3B 30 31 30 35 30 3D 30 2E 30 30 30 2C 30 2E 30 30 30 2C 30 2E 30 30 30 3B 30 31 30 35 31 3D 30 3B 03

02 00 00 00 05 52 30 32 30 33 03  实时曲线
02 00 00 00 08 41 30 32 30 33 41 43 4B 03
02 00 00 00 00 54 30 32 30 33 30 31 30 31 3D 35 2C 30 3B 30 31 30 32 3D 31 3B 30 32 30 31 3D 30 3B 30 32 30 32 3D 30 3B 30 33 30 31 3D 2D 30 2E 30 30 39 3B 30 33 30 32 3D 33 31 33 32 2E 39 33 33 3B 03
















